10
5 50 50 70 80 100
7 100 95 90 80 70 60 50
3 70 90 80
10 0 0 0 0 0 0 0 0 0 0
10 100 100 100 100 100 100 100 100 100 100
10 100 100 100 100 100 100 100 100 100 99
384 32 54 12 52 56 8 30 44 94 44 39 65 19 51 91 1 5 89 34 25 58 20 51 38 65 30 7 20 10 51 18 43 71 97 61 26 5 57 70 65 0 75 29 86 93 87 87 64 75 88 89 100 7 40 37 38 36 44 24 46 95 43 89 32 5 15 58 77 72 95 8 38 69 37 24 27 90 77 92 31 30 80 30 37 86 33 76 21 77 100 68 37 8 22 69 81 38 94 57 76 54 65 14 89 69 4 16 24 47 7 21 78 53 17 81 39 50 22 60 93 89 94 30 97 16 65 43 20 24 67 62 78 98 42 67 32 46 49 57 60 56 44 37 75 62 17 13 11 40 40 4 95 100 0 57 82 31 0 1 56 67 30 100 64 72 66 63 18 81 19 44 2 63 81 78 91 64 91 2 70 97 73 64 97 39 21 78 70 21 46 25 54 76 92 84 47 57 46 31 38 31 75 40 61 21 84 51 86 41 19 21 37 58 86 100 97 73 44 67 60 90 58 13 31 49 63 44 73 76 76 77 73 16 83 100 4 67 51 56 7 36 77 10 95 28 10 57 0 54 23 60 9 48 39 40 97 69 84 35 44 25 11 83 8 61 83 12 27 100 34 0 35 10 10 96 39 87 53 5 40 42 66 15 90 71 55 87 39 5 88 49 97 100 32 4 60 81 83 53 80 16 53 14 94 29 77 99 16 29 3 22 71 35 4 61 6 25 13 11 30 0 27 94 66 25 64 92 5 47 44 85 29 63 65 89 59 41 87 41 36 57 29 7 92 33 34 64 59 47 76 55 13 2 48 46 27 12 37 99 25 48 83 20 77 13 9 35 55 62 76 57 18 72 64 10 4 64 74 63 77 15 18 91 84
568 36 77 10 39 75 35 87 23 22 30 37 31 65 58 59 7 14 78 79 45 54 83 8 94 12 86 9 97 42 93 95 44 70 5 83 10 40 36 34 62 66 71 59 97 95 18 3 8 62 48 19 15 98 28 8 9 80 84 72 21 43 66 65 79 71 13 89 78 49 22 5 14 59 65 11 53 49 81 28 77 29 47 92 26 41 66 1 20 50 73 7 59 4 72 37 76 86 25 19 0 14 24 15 73 55 93 93 3 73 87 80 68 100 37 94 41 3 61 27 19 33 35 78 38 73 14 80 58 5 99 59 19 22 40 59 78 32 17 47 71 3 94 39 2 97 99 9 66 60 37 85 59 38 28 63 10 8 8 35 81 6 60 100 96 66 24 39 64 41 52 34 10 11 39 80 8 4 89 74 64 92 25 89 29 19 18 6 28 26 7 8 33 67 74 95 32 99 33 96 5 51 96 83 63 35 62 71 39 16 10 69 8 35 23 3 55 41 76 49 68 83 23 67 15 97 61 13 61 60 75 33 77 71 15 39 72 43 76 77 59 53 11 33 88 34 37 8 76 79 23 9 62 46 76 43 9 2 57 70 28 31 69 4 68 84 10 39 26 52 82 52 4 93 85 59 94 21 33 35 67 57 44 28 69 86 37 78 54 94 14 48 25 83 18 59 33 28 99 25 81 46 77 51 39 62 9 32 49 43 33 15 100 77 9 68 28 47 12 82 6 26 96 98 75 13 57 7 8 55 33 55 0 76 5 5 3 15 3 53 58 36 34 23 79 10 57 6 23 69 54 29 61 49 27 36 63 84 9 71 4 8 25 71 85 97 77 88 11 46 6 35 83 7 24 27 17 82 34 40 16 88 69 44 3 62 46 32 45 55 2 49 64 94 87 14 90 63 68 68 75 75 2 23 82 27 51 65 75 85 71 57 38 39 0 7 1 46 39 12 68 41 28 31 0 14 45 91 43 12 58 17 53 26 41 0 19 92 31 60 42 1 17 46 41 84 54 8 97 93 20 64 0 14 61 0 28 72 57 71 50 81 89 70 7 96 70 26 87 1 87 95 69 70 40 9 19 94 84 15 87 71 45 87 85 5 53 13 43 10 50 94 91 38 63 98 33 99 91 86 66 43 80 35 79 20 10 98 80 61 13 66 31 24 18 82 97 72 61 39 48 11 99 38 49 27 2 49 26 59 0 58 1 81 59 80 67 70 77 46 97 56 79 27 81 63 75 77 0 36 82 48 47 81 53 62 7 55 77 100 13 78 24 81 24 83 26 91 18
640 2 14 25 47 7 72 10 83 14 10 18 96 25 65 42 78 93 16 32 70 15 11 47 5 58 71 89 84 27 73 86 96 88 77 43 95 48 19 43 62 96 61 24 20 92 66 98 85 82 96 20 64 73 67 69 30 3 23 13 97 97 66 58 50 42 0 44 57 86 54 85 82 14 8 1 73 41 66 23 22 61 43 86 0 9 21 30 79 44 44 75 40 76 99 56 17 100 67 40 51 20 25 32 0 100 0 73 40 66 96 29 93 38 81 93 13 1 90 92 46 100 32 52 75 31 8 58 97 75 99 13 61 90 46 61 89 12 34 96 78 96 24 36 34 4 96 13 73 85 72 18 50 70 36 24 67 10 82 29 51 80 43 11 35 89 39 24 0 73 86 44 34 9 46 34 80 41 48 52 92 19 36 41 55 39 31 22 49 13 51 67 59 94 44 95 48 83 85 48 21 70 58 56 45 4 90 91 11 3 43 70 89 45 77 44 84 8 66 100 88 83 66 46 77 76 6 24 59 91 39 46 26 97 68 37 0 58 28 79 27 37 48 16 82 24 60 66 32 92 65 19 74 97 32 16 72 38 41 97 96 46 43 88 42 77 25 9 34 19 88 28 56 1 44 3 25 70 69 24 27 100 9 0 96 7 84 34 12 91 30 7 36 39 95 78 16 86 53 16 71 6 44 26 7 54 30 100 23 65 23 50 65 99 17 26 73 67 60 85 57 57 92 93 96 52 36 78 4 90 61 75 96 4 68 3 25 64 69 14 28 58 31 59 56 48 86 28 81 45 12 37 1 70 29 64 89 31 41 93 20 1 67 83 73 0 52 98 64 20 78 93 78 8 17 100 22 2 95 2 48 6 39 15 43 34 79 31 66 87 23 52 54 56 34 93 57 52 56 87 72 34 79 15 42 63 15 65 65 9 67 79 82 73 95 91 6 39 21 38 92 10 91 46 67 91 38 90 43 95 76 81 28 21 63 70 84 78 0 48 53 68 94 0 40 88 92 12 93 12 17 85 23 7 30 56 64 34 45 73 28 87 20 22 7 83 59 91 26 59 5 79 26 99 79 32 52 70 11 44 83 28 95 72 1 91 27 65 25 38 4 19 24 24 8 99 73 67 89 99 25 60 77 18 24 21 16 42 58 27 53 6 55 47 78 56 38 71 88 29 8 58 48 99 48 56 97 20 89 52 18 14 78 61 99 2 48 14 44 5 42 97 11 63 10 55 19 48 25 73 77 100 30 91 99 78 13 95 98 1 12 82 82 91 8 80 93 22 61 2 28 2 66 5 65 76 61 50 90 86 22 32 52 52 22 50 96 1 10 59 70 90 40 51 80 14 98 38 37 58 40 31 60 72 2 91 47 63 7 2 15 29 34 67 48 23 83 9 24 59 69 94 48 8 11 27 90 8 31 93 32 38 90 58 9 92 48 23 55 55 25
843 51 60 69 65 83 51 74 73 76 42 67 24 17 44 17 73 18 49 65 50 87 54 7 62 11 21 85 32 77 10 68 94 70 36 24 52 53 98 24 96 6 57 86 90 67 2 62 85 17 26 34 70 46 41 32 23 63 16 56 5 26 23 65 62 26 89 80 45 52 71 6 58 27 92 47 61 61 75 45 78 67 46 14 12 53 46 36 82 28 58 87 21 47 17 83 73 72 63 85 24 33 91 48 26 49 62 53 9 36 99 53 3 10 67 82 63 79 84 45 7 41 98 95 89 82 43 27 53 5 78 77 4 69 25 98 17 53 16 93 89 81 45 58 91 12 40 54 91 90 65 64 31 62 58 86 43 1 12 63 73 91 39 44 25 30 7 8 83 23 0 38 4 45 96 61 23 1 14 81 92 45 44 89 74 69 74 83 36 52 45 75 8 85 18 100 81 92 7 30 82 74 34 52 86 96 12 8 98 94 89 55 38 100 43 11 68 83 95 3 0 39 78 9 90 63 8 37 20 83 67 1 56 67 53 7 62 66 16 25 25 71 80 63 70 89 75 3 37 35 6 38 74 51 47 30 80 21 67 100 3 100 68 26 66 87 33 27 52 15 53 43 53 99 6 22 88 47 26 24 82 99 28 21 15 75 51 95 63 84 61 66 83 28 58 14 14 58 42 33 39 61 76 92 25 48 14 79 95 6 70 76 4 98 98 87 39 14 81 1 99 7 33 81 1 92 96 16 15 3 15 54 30 57 12 55 5 93 0 100 99 70 42 69 67 39 21 5 53 2 6 51 76 40 99 78 98 60 60 79 63 75 99 59 98 10 80 2 2 80 69 67 49 10 2 16 49 23 88 68 92 95 86 68 0 84 11 64 43 71 42 72 45 40 97 42 17 76 11 86 56 80 19 4 90 88 87 4 77 75 72 69 35 23 2 35 6 80 99 15 50 6 53 61 46 49 69 29 25 80 15 47 25 34 51 14 21 38 85 98 79 57 32 13 46 0 48 53 80 12 34 29 18 54 56 30 2 25 60 94 4 41 40 30 75 58 10 62 62 96 59 40 18 58 53 64 24 67 83 4 79 17 100 63 37 56 93 39 81 18 100 51 59 5 81 100 63 58 61 24 53 87 64 37 10 83 67 34 49 50 38 27 33 4 56 70 60 15 75 6 33 40 57 59 46 4 24 75 62 86 100 81 38 29 17 48 79 84 48 27 100 87 21 32 57 77 68 16 92 9 22 92 49 79 16 95 83 40 70 10 25 35 91 29 30 74 43 8 24 92 2 23 44 23 22 0 66 56 16 58 65 4 15 14 49 31 75 32 71 10 8 63 45 100 92 42 73 1 50 97 93 18 87 36 41 75 36 7 30 18 31 96 22 12 76 71 43 50 69 80 61 78 42 72 43 0 13 15 68 30 79 60 48 31 62 56 5 98 29 1 82 26 97 3 38 72 40 81 89 76 26 15 53 35 87 96 1 67 77 69 97 21 28 10 18 90 32 23 53 61 25 34 87 88 3 91 26 9 37 81 85 64 96 3 99 82 65 100 48 42 68 10 29 62 88 48 17 19 37 70 47 28 70 100 16 73 91 8 82 94 89 33 57 84 36 21 31 1 87 46 9 20 56 4 82 9 52 99 96 56 34 8 84 3 7 66 42 64 74 24 58 28 23 81 11 59 2 9 26 55 55 1 76 77 6 23 87 24 89 82 80 22 90 30 93 63 96 34 27 36 24 51 30 47 98 8 73 100 17 99 21 72 0 97 48 73 86 34 97 74 82 43 63 37 73 55 0 34 55 94 36 80 10 67 93 7 75 65 74 92 64 95 63 30 57 77 2 42 11 65 16 59 7 45 97 46 66 63 81 20 56 83 66 32 49 59 39 90 23 12 81 53 73 9