3 3
9
39
40
4
16
43
8 5
3
6
7
19
21
24
27
39
17
18
26
38
50
12 5
3
5
10
17
23
29
31
42
43
44
47
50
15
26
37
41
47
10 10
1
2
15
17
18
21
25
29
47
49
5
13
18
22
23
24
30
34
46
48
15 11
3
10
12
13
15
19
23
24
27
30
34
38
40
43
50
8
12
14
16
24
30
31
36
41
43
48
8 26
2
12
18
28
30
37
38
41
1
3
4
7
8
12
13
14
15
18
21
22
26
28
30
31
34
35
36
37
39
40
41
42
49
50
29 6
1
3
4
7
9
10
11
15
16
17
18
21
23
24
25
26
28
30
31
32
36
37
38
42
44
46
47
48
49
1
9
10
15
18
23
25 37
2
3
4
5
6
7
8
9
10
11
12
16
17
18
19
20
23
27
28
30
40
44
46
48
49
2
3
4
6
7
8
9
10
11
12
14
16
17
18
19
20
21
22
26
27
28
29
30
31
32
37
38
39
41
42
43
44
45
47
48
49
50
0 0