25
1228
850
1341
467
976
951
603
1110
928
760
0
297
669
367
905
587
1169
461
1230
780
230
1060
621
977
557
25
1108
24
179
1095
520
1211
523
242
256
1303
1193
663
990
503
0
1091
800
669
35
0
1061
1204
548
672
365
25
309
791
136
866
452
1049
890
631
525
1215
224
852
1261
480
733
836
947
104
1339
1195
520
1420
0
607
1058
25
959
307
1182
118
616
550
58
0
806
911
754
1242
14
350
43
670
189
327
1403
1025
1274
85
941
798
1280
25
599
892
0
235
286
1212
542
1272
1134
963
203
1193
827
1009
485
1385
828
499
313
871
1170
306
1198
954
1331
25
1039
653
32
701
299
632
170
749
867
456
0
1213
109
250
753
312
1247
1384
1322
309
1347
727
613
41
1403
25
151
0
1118
1286
217
539
320
249
1240
619
881
1214
1172
129
52
288
1343
161
342
477
474
1393
439
373
83
25
904
696
12
688
664
1390
52
164
1253
269
703
150
518
0
769
1204
115
323
1333
1394
611
1057
133
757
1339
0